04472034
12892232
13020307
14494545
17369670
17626859
17699202
17839661
18434810
18766690
18834317
18904748
20448915
20890422
20985936
21339121
21762564
21899472
22582656
22595801
22867609
22908318
23391669
23408924
23742389
23763666
23834364
24005253
24409151
24509973
24514213
24885791
25681553
25704922
26050792
26150435
26316289
26393384
26882754
26898316
26976184
27087247
27231825
27410056
27594749
27746687
28073792
28099109
28648045
28713356
28768028
28802861
28848572
28862256
29015610
29047563
29077752
29544595
29608506
29717340
29989647
30029146
30047698
30219860
30284152
30505116
30518822
30582897
30655465
30657823
31007489
31099374
31125154
31219979
31279405
31301581
31489564
31568826
31583588
31643888
31653885
32187559
32190073
32289984
32333967
32336121
32676399
32701008
32774540
32806255
33212918
33375343
33508021
33541877
33709528
33810776
33832389
33910073
33944978
33995005
34022347
34125022
34145766
34145955
34156946
34437343
34603682
35337119
35381150
35391579
35477419
35526858
35543007
35959825
36500275
36510396
36588322
36828203
36839063
37194569
37332989
37456162
37503281
37631587
38182028
38310530
38463417
38778190
39494763
39534991
41011361
94879797
